k=2 0.7368 (cv=5) 0.7485(cv=10)
n_estimators=1500, max_depth=None,criterion='gini',
     min_samples_split=2, random_state=None,max_features=int(mt.sqrt(dataset.shape[1])),
     n_jobs=-1
k=3 0.8599(cv=10) 0.8457(cv=5)
k=4 0.9357548238065041(cv=5)
k=5 0.9673668357641091(cv=5)
k=6 0.9849624060150376(cv=5)