k=6 n_estimators=500, max_depth=None,criterion='gini',
     min_samples_split=2, random_state=None,max_features=int(mt.sqrt(dataset.shape[1])),
     n_jobs=-1
	 1.0 cv =5
k=5 1.0
k=4 0.9784391534391534
k=3 0.8787037037037037
k=2 0.6982804232804234