k=6 RandomForestClassifier(n_estimators=500, max_depth=None,criterion='gini',
     min_samples_split=2, random_state=None,max_features=int(mt.sqrt(dataset.shape[1])),
     n_jobs=-1
	 1.0 (cv=5)
k=5 0.9986666666666666 
k=4 0.9947192982456141
k=3 0.9457192982456141
k=2 0.8491228070175438